0.00019949
0.0001900621
0.0001549784
0.0001460894
0.0001457046
0.0001446543
0.000128527
0.0001312399
0.0001215824
0.0001136911
0.0001111289
0.0001061041
9.562402e-05
9.728834e-05
8.870378e-05
8.156502e-05
7.83153e-05
6.743371e-05
6.43826e-05
6.361583e-05
6.022792e-05
5.543885e-05
5.202857e-05
5.143776e-05
5.051344e-05
5.355749e-05
5.252196e-05
5.578732e-05
5.488686e-05
5.221015e-05
5.538743e-05
5.560547e-05
5.432272e-05
5.412598e-05
5.424197e-05
5.515734e-05
5.958812e-05
6.134086e-05
5.991215e-05
6.11326e-05
5.962537e-05
5.660334e-05
5.201451e-05
5.04801e-05
5.749011e-05
5.999473e-05
6.034444e-05
6.357892e-05
6.033643e-05
5.926368e-05
6.47532e-05
5.605843e-05
5.865e-05
5.763899e-05
5.427303e-05
5.48195e-05
5.325934e-05
4.890108e-05
4.505509e-05
4.728634e-05
5.21751e-05
5.206896e-05
5.408281e-05
5.146889e-05
5.472878e-05
5.341356e-05
5.743058e-05
5.744971e-05
5.28661e-05
5.458624e-05
5.399553e-05
5.462985e-05
5.441889e-05
5.469437e-05
5.584931e-05
5.515842e-05
5.03151e-05
5.553641e-05
5.612335e-05
6.430565e-05
6.637095e-05
6.758228e-05
7.249583e-05
7.064325e-05
5.965167e-05
6.046534e-05
6.741303e-05
6.016274e-05
6.238812e-05
6.729967e-05
6.900066e-05
6.273985e-05
6.492093e-05
6.789533e-05
7.214432e-05
7.341894e-05
6.697773e-05
6.627984e-05
7.081944e-05
7.08912e-05
6.531306e-05
5.894071e-05
5.860456e-05
5.983677e-05
6.281811e-05
5.903156e-05
5.287332e-05
5.018861e-05
5.094423e-05
5.515205e-05
5.728111e-05
5.663561e-05
5.096137e-05
5.184276e-05
5.022603e-05
4.412729e-05
4.381757e-05
4.774929e-05
5.111517e-05
5.575985e-05
5.232224e-05
5.1588e-05
4.868286e-05
4.851913e-05
5.174992e-05
5.458518e-05
5.280988e-05
6.620611e-05
7.070008e-05
7.66871e-05
7.334429e-05
7.005133e-05
7.666102e-05
7.852769e-05
7.5385e-05
6.660667e-05
6.561009e-05
6.529603e-05
6.584267e-05
6.819163e-05
7.016089e-05
6.671158e-05
6.689863e-05
6.770754e-05
6.657866e-05
7.396717e-05
7.505958e-05
8.104911e-05
8.778454e-05
8.078875e-05
8.480192e-05
7.508418e-05
