-0.01153347
-0.052484
-0.05785691
-0.01960625
-0.04566766
-0.107223
0.002018716
-0.1550728
-0.255146
-0.2308082
-0.2038896
-0.1499258
-0.1004576
-0.1623237
-0.2233864
-0.2383974
-0.1386377
0.05898262
0.1073804
0.09637416
0.05764197
0.1212065
0.2255183
0.3342535
0.4062175
0.3451696
0.4852621
0.4513465
0.5842221
0.5159596
0.5043701
0.4444307
0.4828713
0.4072641
0.3864593
0.4907429
0.5727844
0.496899
0.5396472
0.7756716
0.4931565
0.4182821
0.4016657
0.3038984
0.3623215
0.4873996
0.4013525
0.3222675
0.2498473
0.2339425
0.3024853
0.3400953
0.3600904
0.2942866
0.2866173
0.2333318
0.08762331
-0.02765335
0.1199858
-0.05373637
-0.04857855
0.03235943
0.0143188
-0.04889153
-0.07788187
-0.280564
-0.3821383
-0.4762608
-0.4878964
-0.4826444
-0.575814
-0.5333117
-0.4088362
-0.3717188
-0.3004359
-0.3718514
-0.400264
-0.2986871
-0.181019
-0.2198299
-0.2144084
-0.1923473
-0.1264832
-0.1627635
-0.1945036
-0.1339586
-0.0932065
-0.19421
-0.1813021
-0.2997722
-0.1676758
-0.09389441
0.06601728
0.1819637
0.316949
0.2620232
0.1581098
0.1928296
0.1449768
0.1702738
0.2282987
0.2264786
0.2272263
-0.02762264
0.03799448
0.09843083
0.06086916
0.04397605
0.03682596
-0.03938235
-0.07249936
-0.0587329
-0.007329801
-0.1261216
-0.1431914
-0.2264278
-0.2420943
-0.05506164
0.01293429
0.08445758
0.1146897
0.04508896
-0.0313609
0.1537537
0.2454324
0.3833147
0.4427228
0.4055757
0.3912928
0.3465528
0.3657027
0.2577022
0.337841
0.4749104
0.4883598
0.590175
0.5358848
0.5379397
0.4619442
0.365143
0.3163618
0.4059959
0.3447725
0.3034025
0.4582143
0.4496735
0.5407185
0.6263258
0.7537691
0.5960384
0.749736
0.7779565
