0.8879907
0.9399164
0.9954918
0.9477576
1.001971
0.9096833
1.028471
0.9733849
1.006768
0.9712689
0.8960858
0.9850553
1.051516
0.914777
0.952996
1.007356
1.064034
1.023225
1.003484
1.011408
0.902865
0.9950667
1.052375
1.031479
0.9863988
1.023548
0.9729795
0.9855886
1.019532
1.031508
1.091947
1.008745
1.034862
1.062238
0.9778378
0.9379387
1.083427
0.9405069
0.9224491
0.9861936
0.9762488
1.035503
0.9648009
0.9706012
1.025743
1.118573
0.9625997
0.9911966
0.906927
1.008203
0.9816551
1.025096
1.008541
0.9508501
0.9423708
0.969129
1.028042
1.008448
1.012346
1.016309
0.9879028
1.082618
0.9660824
1.029088
0.9667797
1.026635
1.02366
1.069576
1.052881
1.054186
1.001944
0.9333362
1.014421
0.9662517
1.011762
0.9482826
1.026548
0.9939957
0.972666
0.9603474
0.9514986
0.9540852
0.972143
0.9476487
0.9581894
1.14463
0.9901204
1.125831
1.062342
0.9919517
1.012603
1.029972
1.062437
1.02282
0.9731052
1.027186
0.9087067
1.063378
0.9450566
1.095444
1.077211
1.04858
0.9796184
0.950929
1.086674
1.063959
1.001793
0.9896926
1.026298
1.033621
0.9962685
0.9473331
1.014899
1.024974
1.027969
1.061011
0.9288263
1.08274
1.001067
0.994411
1.076518
1.077331
1.041067
0.9489439
1.078496
1.042028
0.9874561
0.9861423
1.043873
0.9842279
0.9631072
1.005908
0.9921499
0.9953974
1.053565
1.022456
1.093585
0.9470828
1.017932
0.9536412
0.97832
0.979367
1.035228
0.9969215
0.9733574
0.9804363
1.030085
0.9291469
0.9275453
0.811268
1.056225
1.034957
